---- 3 ----
  total, snake and balanced, balanced,  snake,    node
     14,                  2,        4,      2,      10
    110,                  8,       20,     16,      82
    774,                 44,      116,    116,     586
   5446,                268,      728,    802,    4184
  38798,               1732,     4792,   5628,   30110

---- 5 ----
  total, snake and balanced, balanced,  snake,    node
     30,                  2,        4,      2,      26
    550,                 12,       44,     20,     498
  11326,                188,      728,    544,   10242
 257086,               3400,    14168,  12482,  233836
6205454,              70932,   305032, 292632, 5678722

---- 7 ----
  total, snake and balanced, balanced,  snake,    node
     46,                  2,        4,      2,      42
   1950,                 16,       76,     24,    1866
 117598,                764,     3608,   2240,  112514
8555862,              39364,   214544, 170690, 8209992

---- 9 ----
  total, snake and balanced, balanced,  snake,    node
     62,                  2,        4,      2,      58
   5942,                 20,      116,     28,    5818
1050398,               3068,    16136,   8888, 1028442
