
foo:   1    2    3    4    5    6    7    8    9   10   11   12   13   14   15   16   17   18   19   20   ...
--------------------------------------------------------------------------------------------------------
1  :
2  :   3 
3  :   7 
4  :  11    3 
5  :  19    3 
6  :  23    7    3 
7  :  35    7    3 
8  :  43   11    3    3 
9  :  55   11    7    3 
10 :  63   19    7    3    3 
11 :  83   19    7    3    3 
12 :  91   23   11    7    3    3 
13 : 115   23   11    7    3    3 
14 : 127   35   11    7    3    3    3 
15 : 143   35   19    7    7    3    3 
16 : 159   43   19   11    7    3    3    3 
17 : 191   43   19   11    7    3    3    3 
18 : 203   55   23   11    7    7    3    3    3 
19 : 239   55   23   11    7    7    3    3    3 
20 : 255   63   23   19   11    7    3    3    3    3 
21 : 279   63   35   19   11    7    7    3    3    3 
22 : 299   83   35   19   11    7    7    3    3    3    3 
23 : 343   83   35   19   11    7    7    3    3    3    3 
24 : 359   91   43   23   11   11    7    7    3    3    3    3 
25 : 399   91   43   23   19   11    7    7    3    3    3    3 
26 : 423  115   43   23   19   11    7    7    3    3    3    3    3 
27 : 459  115   55   23   19   11    7    7    7    3    3    3    3 
28 : 483  127   55   35   19   11   11    7    7    3    3    3    3    3 
29 : 539  127   55   35   19   11   11    7    7    3    3    3    3    3 
30 : 555  143   63   35   23   19   11    7    7    7    3    3    3    3    3 
31 : 615  143   63   35   23   19   11    7    7    7    3    3    3    3    3 
32 : 647  159   63   43   23   19   11   11    7    7    3    3    3    3    3    3 
33 : 687  159   83   43   23   19   11   11    7    7    7    3    3    3    3    3 
34 : 719  191   83   43   23   19   11   11    7    7    7    3    3    3    3    3    3 
35 : 767  191   83   43   35   19   19   11    7    7    7    3    3    3    3    3    3 
36 : 791  203   91   55   35   23   19   11   11    7    7    7    3    3    3    3    3    3 
37 : 863  203   91   55   35   23   19   11   11    7    7    7    3    3    3    3    3    3 
38 : 899  239   91   55   35   23   19   11   11    7    7    7    3    3    3    3    3    3    3 
39 : 947  239  115   55   35   23   19   11   11    7    7    7    7    3    3    3    3    3    3 
40 : 979  255  115   63   43   23   19   19   11   11    7    7    7    3    3    3    3    3    3    3 
--------------------------------------------------------------------------------------------------------
foo:   1    2    3    4    5    6    7    8    9   10   11   12   13   14   15   16   17   18   19   20   ...
